b8a47f4c-108e-33dd-a551-34497268b20f:
  auth:
    X: 0.5
    Y: 50.0
    Z: 0.5
    Yaw: 90.0
    Pitch: 0.0
67b6efe6-bf52-3c13-8d21-291fd6b1fe76:
  auth:
    X: 0.5
    Y: 50.0
    Z: 0.5
    Yaw: 88.86907
    Pitch: 0.61686546
