b8a47f4c-108e-33dd-a551-34497268b20f:
  auth:
    X: -6.643758995444102
    Y: 48.0
    Z: 12.324882549637278
    Yaw: -37.652954
    Pitch: 31.650003
67b6efe6-bf52-3c13-8d21-291fd6b1fe76:
  auth:
    X: 0.5
    Y: 50.0
    Z: 0.5
    Yaw: 90.0
    Pitch: 0.0
