b8a47f4c-108e-33dd-a551-34497268b20f:
  auth:
    X: -16.579366829335957
    Y: 50.0
    Z: 5.78345939965484
    Yaw: -70.05005
    Pitch: 22.200102
67b6efe6-bf52-3c13-8d21-291fd6b1fe76:
  auth:
    X: -4.055905620766599
    Y: 50.0
    Z: 2.357556645900849
    Yaw: -1.5017235
    Pitch: 5.963032
